	Книга	Глава	Склонность к диалогам	Степень эгоцентризма	Сложность предложения	Средняя длина предложения	Склонность к действию	Склонность к описанию деталей	Склонность к уклонению	Склонность говорить от 3 лица
0	Лукьяненко Дозоры.txt	1	0	0	0,35	6,666666667	0	0	0	0
1	Лукьяненко Дозоры.txt	2	0	0	0,046511628	14,33333333	0	0	0	0
2	Лукьяненко Дозоры.txt	3	0,222222222	0,001808318	0,197106691	8,991869919	0,004520796	0,00994575	0	0,012658228
3	Лукьяненко Дозоры.txt	4	0,193396226	0,031455399	0,189201878	9,508928571	0,005633803	0,008450704	0,024390244	0,007746479
4	Лукьяненко Дозоры.txt	5	0,571942446	0,040643522	0,103302286	7,731587561	0,00762066	0,007408975	0,037735849	0,012277731
5	Лукьяненко Дозоры.txt	6	0,59922179	0,028325402	0,105370496	7,479661017	0,005438477	0,008157716	0	0,010197145
6	Лукьяненко Дозоры.txt	7	0,523160763	0,026509103	0,130948579	7,124004551	0,007984669	0,007505589	0,010416667	0,015170872
7	Лукьяненко Дозоры.txt	8	0,62745098	0,030833151	0,089438006	7,305111821	0,007653619	0,009184343	0,057291667	0,014213864
8	Лукьяненко Дозоры.txt	9	0,58490566	0,023991563	0,106775639	8,002109705	0,006063802	0,007118376	0	0,008963881
9	Лукьяненко Дозоры.txt	10	0,493548387	0,032836831	0,133716994	8,380141844	0,007447529	0,008124577	0,052287582	0,009817197
10	Лукьяненко Дозоры.txt	11	0,442253521	0,028265751	0,134724607	8,68233945	0,00673623	0,011227051	0,01910828	0,015453705
11	Лукьяненко Дозоры.txt	12	0,294117647	0,001885014	0,181903864	11,92134831	0,008482564	0,014137606	0	0,014137606
12	Лукьяненко Дозоры.txt	13	0,650326797	0,029442692	0,094637224	8,874027994	0,007535927	0,004731861	0,035175879	0,007010165
13	Лукьяненко Дозоры.txt	14	0,595070423	0,029527559	0,11202577	8,786163522	0,005547602	0,006800286	0,041420118	0,011095204
14	Лукьяненко Дозоры.txt	15	0,583908046	0,022326351	0,101157663	7,597905759	0,007028666	0,010336273	0,035433071	0,015573319
15	Лукьяненко Дозоры.txt	16	0,503597122	0,035525481	0,142524847	7,615136876	0,006766758	0,010784521	0,028571429	0,013322055
16	Лукьяненко Дозоры.txt	17	0,297752809	0,02662116	0,15745165	9,920993228	0,007736064	0,008418658	0,056603774	0,010011377
17	Лукьяненко Дозоры.txt	18	0,157608696	0,015469868	0,204340799	8,767206478	0,007619487	0,012468252	0	0,018702378
18	Лукьяненко Дозоры.txt	19	0,433333333	0,027308838	0,14796425	7,8671875	0,003972195	0,015392254	0,102564103	0,020357498
19	Лукьяненко Дозоры.txt	20	0	0	0,3	5	0	0	0	0
20	Лукьяненко Дозоры.txt	21	0	0	0,111111111	6	0	0	0	0
21	Лукьяненко Дозоры.txt	22	0	0	0,111111111	6	0	0	0	0
22	Лукьяненко Дозоры.txt	23	0	0	0,285714286	2,8	0	0	0	0
23	Лукьяненко Дозоры.txt	24	0	0,076923077	0,230769231	3,25	0	0	0	0
24	Лукьяненко Дозоры.txt	25	0	0	0,333333333	2,5	0	0	0	0
25	Лукьяненко Дозоры.txt	26	0	0	0,25	3	0	0	0	0
26	Лукьяненко Звезды – холодные игрушки.txt	1	0	0,028169014	0,20657277	13,3125	0,004694836	0,014084507	0	0,004694836
27	Лукьяненко Звезды – холодные игрушки.txt	2	0,363636364	0,026465399	0,155263674	8,764604811	0,00764556	0,0078416	0,034090909	0,00666536
28	Лукьяненко Звезды – холодные игрушки.txt	3	0,678700361	0,030982659	0,073988439	8,039033457	0,005780347	0,008092486	0,026595745	0,006473988
29	Лукьяненко Звезды – холодные игрушки.txt	4	0,47	0,032434545	0,128175068	8,587248322	0,00664322	0,004493943	0,021276596	0,009183275
30	Лукьяненко Звезды – холодные игрушки.txt	5	0,565217391	0,031928963	0,116380125	8,64869281	0,006045721	0,005478934	0,047337278	0,006045721
31	Лукьяненко Звезды – холодные игрушки.txt	6	0,485596708	0,030797518	0,109859802	9,541666667	0,007124799	0,005745806	0,033898305	0,007814296
32	Лукьяненко Звезды – холодные игрушки.txt	7	0	0	0,275	8,888888889	0,025	0	0	0
33	Лукьяненко Звезды – холодные игрушки.txt	8	0	0	0,076923077	6,5	0	0	0	0
34	Лукьяненко осенние визиты.txt	1	0,058823529	0,019762846	0,150197628	11	0	0,011857708	0	0,011857708
35	Лукьяненко осенние визиты.txt	2	0	0	0,173913043	17,04705882	0,004140787	0,008971705	0	0,015873016
36	Лукьяненко осенние визиты.txt	3	0,166666667	0	0,163522013	10,89041096	0,00754717	0,011320755	0	0,017610063
37	Лукьяненко осенние визиты.txt	4	0,342105263	0,003293085	0,141602634	11,3875	0,008781559	0,013172338	0,153846154	0,023051592
38	Лукьяненко осенние визиты.txt	5	0,24137931	0,005347594	0,169786096	10,53521127	0,005347594	0,010695187	0	0,016042781
39	Лукьяненко осенние визиты.txt	6	0,285714286	0,006416132	0,182401467	9,016528926	0,006416132	0,008249313	0,071428571	0,017415215
40	Лукьяненко осенние визиты.txt	7	0,692307692	0,002747253	0,081043956	8,465116279	0,002747253	0,019230769	0	0,016483516
41	Лукьяненко осенние визиты.txt	8	0,414634146	0	0,147683398	9,418181818	0,002895753	0,004826255	0	0,016409266
42	Лукьяненко осенние визиты.txt	9	0,19047619	0,003139717	0,172684458	11,58181818	0,003139717	0,014128728	0	0,025117739
43	Лукьяненко осенние визиты.txt	10	0,094339623	0,002973978	0,189591078	11,20833333	0,004460967	0,012639405	0	0,02527881
44	Лукьяненко осенние визиты.txt	11	0,413793103	0,005240175	0,149344978	9,015748031	0,0069869	0,015720524	0,041666667	0,024454148
45	Лукьяненко осенние визиты.txt	12	0,426229508	0,010185185	0,158333333	7,941176471	0,00462963	0,018518519	0,038461538	0,015740741
46	Лукьяненко осенние визиты.txt	13	0,342105263	0,006355932	0,138771186	9,165048544	0,00529661	0,01059322	0,076923077	0,019067797
47	Лукьяненко осенние визиты.txt	14	0,243243243	0	0,174825175	8,58	0,003496503	0,008158508	0,111111111	0,026806527
48	Лукьяненко осенние визиты.txt	15	0,392156863	0,00554785	0,148404993	7,589473684	0,0110957	0,018723994	0,075	0,019417476
49	Лукьяненко осенние визиты.txt	16	0,375	0,003731343	0,162313433	9,403508772	0,001865672	0,016791045	0	0,01119403
50	Лукьяненко осенние визиты.txt	17	0,054054054	0,002460025	0,212792128	8,04950495	0,006150062	0,01599016	0	0,030750308
51	Лукьяненко осенние визиты.txt	18	0,419354839	0,014492754	0,146042363	7,062992126	0,011148272	0,013377926	0,076923077	0,018952062
52	Лукьяненко осенние визиты.txt	19	0,766233766	0,018939394	0,043560606	6,72611465	0,009469697	0,009469697	0,016949153	0,015151515
53	Лукьяненко осенние визиты.txt	20	0,847457627	0,010550996	0,023446659	7,228813559	0	0,012895662	0,08	0,011723329
54	Лукьяненко осенние визиты.txt	21	0,205128205	0,00265252	0,192970822	7,733333333	0,00464191	0,00928382	0	0,021883289
55	Лукьяненко осенние визиты.txt	22	0,642857143	0,014051522	0,072599532	6,279411765	0,007025761	0,004683841	0,037037037	0,011709602
56	Лукьяненко осенние визиты.txt	23	0,626506024	0,029713115	0,080942623	6,1	0,005122951	0,010245902	0,057692308	0,018442623
57	Лукьяненко осенние визиты.txt	24	0,583333333	0,005340454	0,081441923	7,201923077	0,00400534	0,012016021	0,071428571	0,014686248
58	Лукьяненко осенние визиты.txt	25	0,590163934	0,018583043	0,097560976	6,572519084	0,00232288	0,018583043	0	0,029036005
59	Лукьяненко осенние визиты.txt	26	0,402777778	0,0056926	0,147058824	6,98013245	0,0056926	0,010436433	0	0,020872865
60	Лукьяненко осенние визиты.txt	27	0,538461538	0,016091954	0,113793103	6,214285714	0,005747126	0,014942529	0,028571429	0,018390805
61	Лукьяненко осенние визиты.txt	28	0,548672566	0,014589666	0,091793313	6,854166667	0,005471125	0,012765957	0,096774194	0,021884498
62	Лукьяненко осенние визиты.txt	29	0,745762712	0,007863696	0,04587156	7,130841121	0	0,00655308	0	0,01965924
63	Лукьяненко осенние визиты.txt	30	0,215686275	0,003693444	0,189289012	9,584070796	0,00923361	0,021237304	0,181818182	0,028624192
64	Лукьяненко осенние визиты.txt	31	0,4	0,01242236	0,093167702	9,470588235	0,00621118	0,00621118	0	0,01242236
65	Лукьяненко осенние визиты.txt	32	0	0	0,3	5	0	0	0	0
66	Буркин Осколки неба.txt	1	0,515873016	0,007840575	0,111074812	10,51890034	0,00522705	0,021888272	0	0,024175106
67	Буркин Осколки неба.txt	2	0,568075117	0,011588978	0,097347412	9,731829574	0,005923255	0,014679372	0,016528926	0,0172547
68	Буркин Осколки неба.txt	3	0,579787234	0,006988757	0,091765421	9,270422535	0,008204193	0,008204193	0,009174312	0,015496809
69	Буркин Осколки неба.txt	4	0,462962963	0,009579199	0,12350325	12,23012552	0,0047896	0,015053028	0,02	0,022579542
70	Буркин Осколки неба.txt	5	0,610526316	0,014709429	0,08054015	9,897374702	0,006993007	0,012539185	0,00862069	0,025801784
71	Буркин Осколки неба.txt	6	0,681528662	0,012079063	0,065885798	8,986842105	0,007320644	0,01317716	0,037383178	0,020863836
72	Буркин Осколки неба.txt	7	0,57079646	0,009325044	0,087255773	9,770065076	0,007104796	0,013987567	0,023255814	0,02464476
73	Буркин Осколки неба.txt	8	0,615384615	0,027682843	0,066302119	10,3028169	0,00786056	0,013328776	0	0,017771702
74	Буркин Осколки неба.txt	9	0,506097561	0,009311606	0,106418357	10,89492754	0,007981377	0,01762554	0,012048193	0,01895577
75	Буркин Осколки неба.txt	10	0,552486188	0,011703111	0,091777025	9,692537313	0,011395134	0,018478596	0,03	0,016322759
76	Буркин Осколки неба.txt	11	0,686813187	0,012402551	0,073352232	7,774104683	0,007441531	0,014883062	0,008	0,022678951
77	Буркин Осколки неба.txt	12	0,555555556	0,02399757	0,093863913	10,03658537	0,006682868	0,014580802	0,011764706	0,02217497
78	Буркин Осколки неба.txt	13	0,574257426	0,023331525	0,08301682	8,339366516	0,008138904	0,009766685	0,086206897	0,023874118
79	Буркин Осколки неба.txt	14	0,520958084	0,016330785	0,090340514	9,62541806	0,007991661	0,019110493	0,022988506	0,022585129
80	Буркин Осколки неба.txt	15	0,405405405	0,013370474	0,116991643	11,43312102	0,002785515	0,017827298	0	0,022841226
81	Буркин Осколки неба.txt	16	0,647398844	0,013139103	0,067123679	9,806722689	0,005712654	0,015138532	0	0,021708083
82	Буркин Осколки неба.txt	17	0,515873016	0,01029464	0,094781683	10,20652174	0,008519702	0,018459354	0,046153846	0,021299255
83	Буркин Осколки неба.txt	18	0,535947712	0,0125441	0,105840847	8,706484642	0,007840063	0,022344179	0	0,024304194
84	Буркин Осколки неба.txt	19	0,570469799	0,00641574	0,094097519	8,723880597	0,00855432	0,01283148	0	0,01924722
85	Буркин Осколки неба.txt	20	0,416666667	0,009228498	0,117755629	9,060200669	0,003322259	0,013658176	0,015384615	0,022886674
86	Буркин Осколки неба.txt	21	0,675824176	0,017485119	0,074776786	8,170212766	0,004464286	0,009300595	0,048780488	0,015252976
87	Буркин Осколки неба.txt	22	0,689655172	0,017711172	0,069482289	8,808	0,007266122	0,018165304	0,025	0,023614896
88	Буркин Осколки неба.txt	23	0,472222222	0,014829892	0,105844722	10,42121212	0,003198604	0,018028497	0,011764706	0,018319279
89	Буркин Осколки неба.txt	24	0,461139896	0,007506527	0,121409922	9,228915663	0,006201044	0,010770235	0,134831461	0,016318538
90	Буркин Осколки неба.txt	25	0,542713568	0,016661879	0,088193048	9,536986301	0,005745475	0,012640046	0,009259259	0,018385521
91	Буркин Осколки неба.txt	26	0,572139303	0,011872959	0,093499555	9,130081301	0,0074206	0,014247551	0	0,016028495
92	Буркин Осколки неба.txt	27	0,597826087	0,015482696	0,086824529	8,489690722	0,008803886	0,012750455	0,018181818	0,018214936
93	Буркин Осколки неба.txt	28	0,563758389	0,014778325	0,088341544	9,728434505	0,007881773	0,013136289	0,023809524	0,019376026
94	Буркин Осколки неба.txt	29	0,51	0,019004751	0,097524381	10,17557252	0,005501375	0,013753438	0,039215686	0,018504626
95	Буркин Осколки неба.txt	30	0,622317597	0,019171305	0,072974644	9,275334608	0,006390435	0,011337868	0,006896552	0,01546073
96	Буркин Осколки неба.txt	31	0,704761905	0,018560321	0,065462754	9,123569794	0,006019564	0,012540757	0,02027027	0,022071733
97	Буркин Осколки неба.txt	32	0,565217391	0,007321773	0,105202312	11,23376623	0,003468208	0,011175337	0,015384615	0,016955684
98	Буркин Осколки неба.txt	33	0,715517241	0,023424191	0,061754685	9,392	0,005110733	0,007240204	0,036144578	0,008091993
99	Буркин Осколки неба.txt	34	0,632432432	0,015732818	0,071211703	9,661333333	0,004140215	0,01269666	0,025641026	0,020425062
100	Буркин Осколки неба.txt	35	0,745	0,009683851	0,075477072	8,261176471	0,007690117	0,012816861	0,060402685	0,018513244
101	Буркин Осколки неба.txt	36	0,532544379	0,008706869	0,110287004	9,340361446	0,007416962	0,016446308	0,022222222	0,027088036
102	Буркин Осколки неба.txt	37	0,510869565	0,014890282	0,125783699	12,69651741	0,005094044	0,015673981	0	0,013714734
103	Буркин Осколки неба.txt	38	0,637583893	0,009913655	0,093700032	9,306547619	0,006395907	0,010873041	0,052631579	0,019507515
104	Буркин Осколки неба.txt	39	0,58041958	0,00700467	0,102401601	10,98168498	0,005003336	0,010006671	0,024096386	0,018012008
105	Буркин Осколки неба.txt	40	0,710227273	0,020561267	0,057515977	9,372395833	0,006946374	0,011114198	0,024	0,023061962
106	Буркин Осколки неба.txt	41	0,579710145	0,019704433	0,101908867	11,12328767	0,004926108	0,01570197	0	0,01908867
107	Буркин Осколки неба.txt	42	0,142857143	0,005560704	0,154309546	15,30496454	0,007877665	0,023169601	0	0,032900834
108	Буркин Осколки неба.txt	43	0,608108108	0,016182299	0,09015852	9,895424837	0,003632761	0,014200793	0,122222222	0,030713342
109	Буркин Осколки неба.txt	44	0,333333333	0,00867052	0,138728324	16,47619048	0,002890173	0,020231214	0	0,031791908
110	Буркин Осколки неба.txt	45	0	0,009396159	0,19510847	6,404424779	0,000967252	0,005112616	0	0,004559901
111	Буркин Осколки неба.txt	46	0	0	0,140776699	20,6	0,004854369	0,014563107	0	0
112	Буркин Осколки неба.txt	47	0,31147541	0,016393443	0,145141943	15,06626506	0,005197921	0,012395042	0	0,009596162
113	Буркин Осколки неба.txt	48	0	0	0,2	3,75	0	0	0	0
114	Буркин Осколки неба.txt	49	0	0	0,076923077	6,5	0	0	0	0
115	Буркин Осколки неба.txt	50	0	0	0,076923077	6,5	0	0	0	0
116	Буркин Осколки неба.txt	51	0	0	0,153846154	6,5	0	0	0	0
117	Буркин Осколки неба.txt	52	0	0	0,052631579	9,5	0	0	0	0
118	Буркин Осколки неба.txt	53	0	0	0,071428571	7	0	0	0	0
119	Буркин Осколки неба.txt	54	0	0,034482759	0,206896552	7,25	0	0,068965517	0	0
120	Буркин Осколки неба.txt	55	0	0	0,15	6,666666667	0	0	0	0
121	Буркин Осколки неба.txt	56	0	0	0,02173913	23	0	0	0	0
122	Буркин Осколки неба.txt	57	0	0	0,071428571	7	0	0	0	0
123	Буркин Осколки неба.txt	58	0	0	0,151515152	8,25	0	0	0	0
124	Буркин Осколки неба.txt	59	0	0	0,357142857	3,5	0	0	0	0
125	Буркин Осколки неба.txt	60	0	0	0,230769231	3,25	0	0	0	0
126	Буркин Осколки неба.txt	61	0	0,055555556	0,166666667	9	0	0	0	0
127	Буркин Осколки неба.txt	62	0	0	0,166666667	4	0	0	0	0
128	Буркин Осколки неба.txt	63	0	0	0,133333333	7,5	0	0	0	0
129	Буркин Осколки неба.txt	64	0	0	0,083333333	6	0	0	0	0
130	Буркин Осколки неба.txt	65	0	0	0,076923077	6,5	0	0	0	0
131	Буркин Осколки неба.txt	66	0	0	0,076923077	6,5	0	0	0	0
132	Буркин Осколки неба.txt	67	0	0	0,076923077	6,5	0	0	0	0
133	Буркин Осколки неба.txt	68	0	0	0,153846154	4,333333333	0	0	0	0
134	Буркин Осколки неба.txt	69	0	0	0,166666667	6	0	0	0	0
135	Буркин Осколки неба.txt	70	0	0	0,071428571	7	0	0	0	0
136	Буркин Осколки неба.txt	71	0	0	0,0625	8	0	0	0	0
137	Буркин Осколки неба.txt	72	0	0	0,020833333	48	0	0	0	0
138	Буркин Осколки неба.txt	73	0	0,058823529	0,117647059	5,666666667	0	0	0	0
139	Буркин Осколки неба.txt	74	0	0	0,055555556	9	0	0	0	0
140	Буркин Осколки неба.txt	75	0	0	0,066666667	7,5	0	0	0	0
141	Буркин Осколки неба.txt	76	0	0	0,222222222	4,5	0	0	0	0
142	Буркин Осколки неба.txt	77	0	0	0,071428571	7	0	0	0	0
143	Буркин Осколки неба.txt	78	0	0	0,058823529	8,5	0	0	0	0
144	Буркин Осколки неба.txt	79	0	0	0,166666667	4,5	0	0	0	0
145	Буркин Осколки неба.txt	80	0	0,071428571	0,071428571	7	0	0,071428571	0	0
146	Буркин Осколки неба.txt	81	0	0	0,142857143	7	0	0	0	0
147	Буркин Осколки неба.txt	82	0	0	0,071428571	7	0	0	0	0
148	Буркин Осколки неба.txt	83	0	0,052631579	0,052631579	9,5	0	0	0	0
149	Буркин Осколки неба.txt	84	0	0	0,066666667	7,5	0	0	0	0
150	Буркин Осколки неба.txt	85	0	0	0,025	40	0	0	0	0
151	Буркин Осколки неба.txt	86	0	0	0,076923077	6,5	0	0	0	0
152	Буркин Осколки неба.txt	87	0	0	0,230769231	3,25	0	0	0	0
153	Буркин Осколки неба.txt	88	0	0	0	9	0	0	0	0
154	Буркин Осколки неба.txt	89	0	0	0,230769231	3,25	0	0	0	0
155	Буркин Осколки неба.txt	90	0	0	0,076923077	6,5	0	0	0	0
156	Буркин Осколки неба.txt	91	0	0	0,105263158	9,5	0	0	0	0
157	Буркин Осколки неба.txt	92	0	0	0,166666667	6	0	0	0	0
158	Буркин Осколки неба.txt	93	0	0,066666667	0,2	3,75	0	0	0	0
159	Буркин Осколки неба.txt	94	0	0	0	12	0	0	0	0
160	Буркин Осколки неба.txt	95	0	0	0,153846154	6,5	0	0	0	0
161	Буркин Осколки неба.txt	96	0	0	0,153846154	6,5	0	0	0	0
162	Буркин Осколки неба.txt	97	0	0	0,181818182	4,4	0	0	0	0
163	Буркин Осколки неба.txt	98	0	0	0,058823529	8,5	0	0	0	0
164	Буркин Осколки неба.txt	99	0	0	0,090909091	5,5	0	0	0	0
165	Буркин Осколки неба.txt	100	0	0	0,055555556	9	0	0	0	0
166	Буркин Осколки неба.txt	101	0	0	0,117647059	8,5	0	0	0	0
167	Буркин Осколки неба.txt	102	0	0	0,076923077	6,5	0	0	0	0,076923077
168	Буркин Осколки неба.txt	103	0	0	0,076923077	6,5	0	0	0	0
169	Буркин Осколки неба.txt	104	0	0	0,076923077	6,5	0	0	0	0
170	Буркин Осколки неба.txt	105	0	0	0,1	6,666666667	0	0	0	0
171	Буркин Осколки неба.txt	106	0	0,076923077	0,076923077	6,5	0	0	0	0
172	Буркин Осколки неба.txt	107	0	0	0,058823529	8,5	0	0	0	0
173	Буркин Осколки неба.txt	108	0	0	0	10	0	0	0	0
174	Буркин Осколки неба.txt	109	0	0	0	19	0	0	0	0
175	Буркин Осколки неба.txt	110	0	0	0,020408163	16,33333333	0	0	0	0
176	Буркин Осколки неба.txt	111	0	0	0,076923077	6,5	0	0	0	0
177	Буркин Осколки неба.txt	112	0	0	0,083333333	6	0	0	0	0
178	Буркин Осколки неба.txt	113	0	0	0,076923077	6,5	0	0	0	0
179	Буркин Осколки неба.txt	114	0	0	0,020408163	16,33333333	0	0	0	0
180	Буркин Осколки неба.txt	115	0	0,066666667	0,066666667	7,5	0	0	0	0
181	Буркин Осколки неба.txt	116	0	0	0,153846154	4,333333333	0	0	0	0
182	Буркин Осколки неба.txt	117	0	0	0,083333333	6	0	0	0	0
183	Буркин Осколки неба.txt	118	0	0	0,083333333	6	0	0	0	0
184	Буркин Осколки неба.txt	119	0	0	0,083333333	6	0	0	0	0
185	Буркин Осколки неба.txt	120	0	0	0,072727273	13,75	0	0	0	0
186	Буркин Осколки неба.txt	121	0	0	0,047619048	10,5	0	0	0	0
187	Буркин Осколки неба.txt	122	0	0	0,076923077	6,5	0	0	0	0
188	Буркин Осколки неба.txt	123	0	0	0	8	0	0	0	0
189	Буркин Осколки неба.txt	124	0	0	0,02247191	29,66666667	0	0	0	0
190	Буркин Осколки неба.txt	125	0	0	0	9	0	0	0	0
191	Буркин Осколки неба.txt	126	0	0	0	10	0	0	0	0
192	Буркин Осколки неба.txt	127	0	0	0,166666667	4	0	0	0	0
193	Буркин Осколки неба.txt	128	0	0	0,020833333	24	0,006944444	0	0	0
194	Буркин Осколки неба.txt	129	0	0	0	12	0	0	0	0
195	Буркин Осколки неба.txt	130	0	0,083333333	0,083333333	6	0	0	0	0
196	Буркин Осколки неба.txt	131	0	0	0,083333333	6	0	0	0	0
197	Буркин Осколки неба.txt	132	0	0,058823529	0,058823529	8,5	0	0	0	0
198	Буркин Осколки неба.txt	133	0	0	0,090909091	5,5	0	0	0	0
199	Буркин Осколки неба.txt	134	0	0	0,090909091	5,5	0	0	0	0
200	Буркин Осколки неба.txt	135	0	0	0,076923077	6,5	0	0	0	0
201	Буркин Осколки неба.txt	136	0	0	0,083333333	6	0	0	0	0
202	Буркин Осколки неба.txt	137	0	0	0,121212121	11	0	0	0	0
203	Буркин Осколки неба.txt	138	0	0	0,083333333	6	0	0	0	0
204	Буркин Осколки неба.txt	139	0	0	0,090909091	5,5	0	0	0	0
205	Буркин Осколки неба.txt	140	0	0	0,076923077	6,5	0	0	0	0
206	Буркин Осколки неба.txt	141	0	0	0	11	0	0	0	0
207	Буркин Осколки неба.txt	142	0	0	0,058823529	8,5	0	0	0	0
208	Буркин Осколки неба.txt	143	0	0,066666667	0,066666667	7,5	0	0	0	0
209	Буркин Осколки неба.txt	144	0	0	0,03125	13,71428571	0,010416667	0	0	0
210	Буркин Осколки неба.txt	145	0	0	0	11	0	0	0	0
211	Буркин Осколки неба.txt	146	0	0	0	28,5	0	0	0	0
212	Буркин Осколки неба.txt	147	0	0	0	18	0	0	0	0
213	Буркин Осколки неба.txt	148	0	0	0	14	0	0	0	0
214	Буркин Осколки неба.txt	149	0	0	0,083333333	6	0	0	0	0
215	Буркин Осколки неба.txt	150	0	0	0	8	0	0	0	0
216	Буркин Осколки неба.txt	151	0	0	0,153846154	8,666666667	0	0	0	0
217	Буркин Осколки неба.txt	152	0	0	0,2	5	0	0	0	0
218	Буркин Осколки неба.txt	153	0	0	0	13,25	0	0	0	0
219	Буркин Осколки неба.txt	154	0	0	0	26,5	0	0	0	0
220	Буркин Осколки неба.txt	155	0	0	0	12	0	0	0	0
221	Буркин Осколки неба.txt	156	0	0	0,066666667	7,5	0	0	0	0
222	Буркин Осколки неба.txt	157	0	0	0,083333333	6	0	0	0	0
223	Буркин Осколки неба.txt	158	0	0	0,076923077	6,5	0	0	0	0
224	Буркин Осколки неба.txt	159	0	0	0,076923077	6,5	0	0	0	0
225	Буркин Осколки неба.txt	160	0	0	0,013937282	71,75	0,003484321	0	0	0
226	Буркин Осколки неба.txt	161	0	0	0,076923077	6,5	0	0	0	0
227	Буркин Осколки неба.txt	162	0	0	0,018518519	27	0	0	0	0
228	Буркин Осколки неба.txt	163	0	0	0,090909091	5,5	0	0	0	0
229	Буркин Осколки неба.txt	164	0	0	0,1875	8	0	0	0	0
230	Буркин Осколки неба.txt	165	0	0,066666667	0,066666667	7,5	0	0	0	0
231	Буркин Осколки неба.txt	166	0	0	0,083333333	6	0	0	0	0
232	Буркин Осколки неба.txt	167	0	0	0,076923077	6,5	0	0	0	0
233	Буркин Осколки неба.txt	168	0	0	0	10	0	0	0	0
234	Буркин Осколки неба.txt	169	0	0	0,076923077	6,5	0	0	0	0
235	Буркин Осколки неба.txt	170	0	0	0,2	15	0	0	0	0
236	Буркин Осколки неба.txt	171	0	0	0,071428571	7	0	0	0	0
237	Буркин Осколки неба.txt	172	0	0	0	9	0	0	0	0
238	Буркин Осколки неба.txt	173	0	0	0	9	0	0	0	0
239	Буркин Осколки неба.txt	174	0	0	0	18	0	0	0	0
240	Буркин Осколки неба.txt	175	0	0	0	14	0	0	0	0
241	Буркин Осколки неба.txt	176	0	0	0	8	0	0	0	0
242	Буркин Осколки неба.txt	177	0	0	0,202531646	19,75	0,012658228	0	0	0
243	Буркин Осколки неба.txt	178	0	0	0,083333333	6	0	0	0	0
244	Буркин Осколки неба.txt	179	0	0	0,090909091	5,5	0	0	0	0
245	Буркин Осколки неба.txt	180	0	0	0,214285714	4,666666667	0	0	0	0
246	Буркин Осколки неба.txt	181	0	0,076923077	0,076923077	6,5	0	0	0	0
247	Буркин Осколки неба.txt	182	0	0,074074074	0,074074074	9	0	0	0	0
248	Буркин Осколки неба.txt	183	0	0	0,076923077	6,5	0	0	0	0
249	Буркин Осколки неба.txt	184	0	0	0,083333333	6	0	0	0	0
250	Буркин Осколки неба.txt	185	0	0	0,25	3	0	0	0	0
251	Буркин Осколки неба.txt	186	0	0,076923077	0,076923077	6,5	0	0	0	0
252	Буркин Осколки неба.txt	187	0	0	0,166666667	6	0	0	0	0
253	Буркин Осколки неба.txt	188	0	0	0,090909091	5,5	0	0	0	0
254	Буркин Осколки неба.txt	189	0	0	0	10	0	0	0	0
255	Буркин Осколки неба.txt	190	0	0	0,1875	4	0	0	0	0,0625
256	Буркин Осколки неба.txt	191	0	0	0	10	0	0	0	0
257	Буркин Осколки неба.txt	192	0	0	0,0625	8	0	0	0	0
258	Буркин Осколки неба.txt	193	0	0,071428571	0,071428571	7	0	0	0	0
259	Буркин Осколки неба.txt	194	0	0	0	29	0	0	0	0
260	Буркин Осколки неба.txt	195	0	0	0,02173913	15,33333333	0	0	0	0
261	Буркин Осколки неба.txt	196	0	0	0,014925373	33,5	0	0	0	0
262	Буркин Осколки неба.txt	197	0	0	0,083333333	6	0	0	0	0
263	Буркин Осколки неба.txt	198	0	0,230769231	0,230769231	6,5	0	0	0	0
264	Буркин Осколки неба.txt	199	0	0	0,071428571	7	0	0	0	0
265	Буркин Осколки неба.txt	200	0	0	0,083333333	6	0	0	0	0
266	Буркин Осколки неба.txt	201	0	0	0,071428571	7	0	0	0	0
267	Буркин Осколки неба.txt	202	0	0	0,090909091	5,5	0	0	0	0
268	Буркин Осколки неба.txt	203	0	0,076923077	0,076923077	6,5	0	0	0	0
269	Буркин Осколки неба.txt	204	0	0	0,076923077	6,5	0	0	0	0,076923077
270	Буркин Осколки неба.txt	205	0	0	0,083333333	6	0	0	0	0
271	Буркин Осколки неба.txt	206	0	0,083333333	0,083333333	6	0	0	0	0
272	Буркин Осколки неба.txt	207	0	0	0,083333333	6	0	0	0	0
273	Буркин Осколки неба.txt	208	0	0	0,105263158	6,333333333	0	0	0	0
274	Буркин Осколки неба.txt	209	0	0	0,117647059	5,666666667	0	0	0	0
275	Буркин Осколки неба.txt	210	0	0	0,090909091	5,5	0	0	0	0
276	Лукьяненко Танцы на снегу.txt	1	0,111111111	0,038884193	0,187658495	12,85869565	0,012679628	0,008453085	0	0,016906171
277	Лукьяненко Танцы на снегу.txt	2	0,610837438	0,036503601	0,100074497	8,641630901	0,00844301	0,004718152	0,016129032	0,010926248
278	Лукьяненко Танцы на снегу.txt	3	0,570850202	0,037201685	0,095694899	7,929499072	0,006317267	0,005147403	0,035460993	0,012634534
279	Лукьяненко Танцы на снегу.txt	4	0,429292929	0,036858974	0,140567766	10,08775982	0,014194139	0,004578755	0,082352941	0,009615385
280	Лукьяненко Танцы на снегу.txt	5	0,663793103	0,038071693	0,079357231	8,717672414	0,017305315	0,007663782	0,051948052	0,014091471
281	Лукьяненко Танцы на снегу.txt	6	0,629166667	0,035692052	0,078231998	8,826007326	0,008923013	0,010998132	0,039735099	0,008923013
282	Лукьяненко Танцы на снегу.txt	7	0,614634146	0,030578898	0,08146592	8,433070866	0,008636788	0,010270775	0,031746032	0,011671335
283	Лукьяненко Танцы на снегу.txt	8	0,5	0,057446809	0,108510638	10,44444444	0,012765957	0,010638298	0	0,012765957
284	Лукьяненко Танцы на снегу.txt	9	0	0	0,275	8,888888889	0,025	0	0	0
285	Лукьяненко Императоры иллюзии?.txt	1	0,434782609	0,0063593	0,139109698	11,43636364	0,005564388	0,016693164	0	0,008744038
286	Лукьяненко Императоры иллюзии?.txt	2	0,388888889	0	0,128342246	10,78846154	0,005347594	0,017825312	0	0,017825312
287	Лукьяненко Императоры иллюзии?.txt	3	0,568627451	0,000868056	0,099826389	8,930232558	0,002604167	0,008680556	0,034482759	0,011284722
288	Лукьяненко Императоры иллюзии?.txt	4	0,575342466	0,015010722	0,096497498	9,084415584	0,003573981	0,015010722	0,119047619	0,010007148
289	Лукьяненко Императоры иллюзии?.txt	5	0,75	0,006962576	0,045256745	8,448529412	0,006092254	0,006092254	0,027777778	0,015665796
290	Лукьяненко Императоры иллюзии?.txt	6	0,630769231	0,011511896	0,07904835	9,723880597	0,003069839	0,017651573	0,073170732	0,012279355
291	Лукьяненко Императоры иллюзии?.txt	7	0,752941176	0,012236574	0,049626105	8,127071823	0,005438477	0,007477906	0,046875	0,012236574
292	Лукьяненко Императоры иллюзии?.txt	8	0,5	0,004322767	0,118876081	10,05797101	0,002881844	0,012247839	0	0,009365994
293	Лукьяненко Императоры иллюзии?.txt	9	0,716666667	0,019904459	0,059713376	7,218390805	0,006369427	0,011942675	0,046511628	0,011146497
294	Лукьяненко Императоры иллюзии?.txt	10	0,8125	0,022458629	0,037825059	7,421052632	0,007092199	0,007092199	0,128205128	0,010638298
295	Лукьяненко Императоры иллюзии?.txt	11	0,692307692	0,010648596	0,05517909	9,745283019	0,009680542	0,005808325	0	0,002904163
296	Лукьяненко Императоры иллюзии?.txt	12	0,733333333	0,017699115	0,063211125	6,938596491	0,01011378	0,003792668	0	0,006321113
297	Лукьяненко Императоры иллюзии?.txt	13	0,769230769	0,010011123	0,062291435	8,099099099	0,004449388	0,014460512	0,05	0,010011123
298	Лукьяненко Императоры иллюзии?.txt	14	0,62	0,010403121	0,093628088	9,37804878	0,00520156	0,010403121	0	0,010403121
299	Лукьяненко Императоры иллюзии?.txt	15	0,80952381	0,029259897	0,032702238	7,448717949	0,005163511	0,006884682	0,029411765	0,012048193
300	Лукьяненко Императоры иллюзии?.txt	16	0,5	0,017857143	0,160714286	6,222222222	0	0,017857143	0	0,017857143
301	Лукьяненко Императоры иллюзии?.txt	17	0	0	0,278481013	8,777777778	0,025316456	0	0	0
302	Лукьяненко Императоры иллюзии?.txt	18	0	0	0,083333333	6	0	0	0	0
303	Буркин Бриллиантовыи? дождь.txt	1	0,761363636	0,031704095	0,043593131	8,458100559	0,00990753	0,010568032	0,029850746	0,00990753
304	Буркин Бриллиантовыи? дождь.txt	2	0,585858586	0,050670641	0,111773472	9,362790698	0,003477397	0,008445107	0,017241379	0,003974168
305	Буркин Бриллиантовыи? дождь.txt	3	0,572519084	0,045380875	0,115721232	9,264264264	0,005510535	0,009076175	0,026666667	0,011345219
306	Буркин Бриллиантовыи? дождь.txt	4	0,712	0,02587269	0,04476386	9,779116466	0,004106776	0,00698152	0,02247191	0,011909651
307	Буркин Бриллиантовыи? дождь.txt	5	0,805309735	0,018779343	0,037949922	10,69456067	0,006651017	0,008607199	0,021978022	0,011737089
308	Буркин Бриллиантовыи? дождь.txt	6	0,833333333	0,039880359	0,042871386	8,088709677	0,010967099	0,012961117	0	0,010967099
309	Буркин Бриллиантовыи? дождь.txt	7	0,669724771	0,031644444	0,090311111	11,11660079	0,008711111	0,011911111	0,047945205	0,013866667
310	Буркин Бриллиантовыи? дождь.txt	8	0,318181818	0,00968523	0,152542373	10,325	0,004842615	0,014527845	0	0,026634383
311	Буркин Бриллиантовыи? дождь.txt	9	0,531914894	0,01217862	0,121109608	11,02985075	0,0067659	0,00811908	0	0,00947226
312	Буркин Бриллиантовыи? дождь.txt	10	0,28125	0,012900848	0,166605234	12,98086124	0,004054552	0,008109104	0	0,01105787
313	Буркин Бриллиантовыи? дождь.txt	11	0,68	0,027767065	0,065561126	9,639405204	0,005399152	0,009641342	0,011764706	0,013497879
314	Буркин Бриллиантовыи? дождь.txt	12	0,674418605	0,036041539	0,086744044	10,10493827	0,01038485	0,010995724	0,017241379	0,01893708
315	Буркин Бриллиантовыи? дождь.txt	13	0,636363636	0,033495146	0,107281553	8,583333333	0,013106796	0,010194175	0,035714286	0,023300971
316	Буркин Бриллиантовыи? дождь.txt	14	0,648351648	0,030120482	0,098393574	8,586206897	0,006024096	0,012048193	0	0,024598394
317	Буркин Бриллиантовыи? дождь.txt	15	0,491525424	0,033913043	0,132173913	12,23404255	0,006956522	0,010434783	0	0,013043478
318	Буркин Бриллиантовыи? дождь.txt	16	0,444444444	0,0234375	0,143554688	12,48780488	0,005859375	0,008789063	0	0,012695313
319	Буркин Бриллиантовыи? дождь.txt	17	0,7	0,051833123	0,120101138	7,462264151	0,01011378	0,006321113	0,119047619	0,022756005
320	Буркин Бриллиантовыи? дождь.txt	18	0,522727273	0,029411765	0,153297683	13,35714286	0,012477718	0,00802139	0,043478261	0,025846702
321	Буркин Бриллиантовыи? дождь.txt	19	0,684782609	0,057847321	0,083926031	8,538461538	0,007112376	0,012802276	0,031746032	0,025604552
322	Буркин Бриллиантовыи? дождь.txt	20	0,609375	0,017655367	0,07980226	10,33576642	0,005649718	0,004237288	0	0,014830508
323	Буркин Бриллиантовыи? дождь.txt	21	0,620155039	0,028794038	0,097899729	10,50533808	0,007113821	0,014566396	0,0125	0,018292683
324	Буркин Бриллиантовыи? дождь.txt	22	0,666666667	0,047619048	0,080652081	11,655	0,009438009	0,011583012	0,02173913	0,018876019
325	Буркин Бриллиантовыи? дождь.txt	23	0,62345679	0,032707775	0,083378016	9,164619165	0,005630027	0,013672922	0,01980198	0,01233244
326	Буркин Бриллиантовыи? дождь.txt	24	0,6328125	0,037237237	0,103603604	10,74193548	0,005705706	0,01021021	0,012345679	0,018618619
327	Буркин Бриллиантовыи? дождь.txt	25	0,130434783	0,036130536	0,138694639	12,61764706	0,008158508	0,01981352	0	0,01981352
328	Буркин Бриллиантовыи? дождь.txt	26	0,6	0,046230441	0,122332859	9,696551724	0,008534851	0,009957326	0	0,019914651
329	Буркин Бриллиантовыи? дождь.txt	27	0,642857143	0,029917726	0,096484667	9,157534247	0,008227375	0,013462977	0	0,025430067
330	Буркин Бриллиантовыи? дождь.txt	28	0,653061224	0,039829303	0,09601707	11,43089431	0,0056899	0,007823613	0	0,011379801
331	Буркин Бриллиантовыи? дождь.txt	29	0,741935484	0,040909091	0,062337662	10,26666667	0,009090909	0,01038961	0,02173913	0,016883117
332	Буркин Бриллиантовыи? дождь.txt	30	0,492957746	0,037172775	0,140314136	10	0,005759162	0,016753927	0,028571429	0,02617801
333	Буркин Бриллиантовыи? дождь.txt	31	0,460674157	0,042963885	0,139476961	11,03780069	0,005603985	0,012141968	0	0,01867995
334	Буркин Бриллиантовыи? дождь.txt	32	0	0,011070111	0,197416974	16,9375	0,005535055	0	0	0,001845018
335	Буркин Бриллиантовыи? дождь.txt	33	0,489795918	0,039099526	0,155805687	11,10526316	0,01007109	0,011848341	0	0,013033175
336	Буркин Бриллиантовыи? дождь.txt	34	0,454545455	0,011990408	0,131894484	10,69230769	0,004796163	0,008393285	0	0,013189448
337	Буркин Бриллиантовыи? дождь.txt	35	0,640625	0,044659022	0,131563066	10,48734177	0,010863005	0,007242004	0,024390244	0,014484007
338	Буркин Бриллиантовыи? дождь.txt	36	0,5	0,015376167	0,140582098	10,00549451	0,005491488	0,013179572	0,0625	0,015925316
339	Буркин Бриллиантовыи? дождь.txt	37	0,603773585	0,039140445	0,100537222	7,993865031	0,002302379	0,010744436	0,03125	0,012279355
340	Буркин Бриллиантовыи? дождь.txt	38	0,442176871	0,033829499	0,147496617	12,35097493	0,00654037	0,01172756	0,015384615	0,0135318
341	Буркин Бриллиантовыи? дождь.txt	39	0	0,025641026	0,192307692	11,14285714	0	0,010683761	0	0,006410256
342	Буркин Бриллиантовыи? дождь.txt	40	0,884615385	0,01179941	0,026548673	42,375	0	0,005899705	0	0
343	Буркин Бриллиантовыи? дождь.txt	41	0	0	0,25	6,666666667	0,016666667	0	0	0
344	Буркин Бриллиантовыи? дождь.txt	42	0	0	0,142857143	7	0	0	0	0
345	Буркин Бриллиантовыи? дождь.txt	43	0	0	0,142857143	4,666666667	0	0	0	0
346	Буркин Бриллиантовыи? дождь.txt	44	0	0,088888889	0,2	7,5	0	0	0	0
347	Буркин Бриллиантовыи? дождь.txt	45	0	0,043478261	0	11,5	0	0	0	0
348	Буркин Бриллиантовыи? дождь.txt	46	0	0	0,15	5	0	0	0	0
349	Буркин Бриллиантовыи? дождь.txt	47	0	0	0,142857143	7	0	0	0	0
350	Буркин Бриллиантовыи? дождь.txt	48	0	0	0,133333333	5	0	0	0	0
351	Буркин Бриллиантовыи? дождь.txt	49	0	0	0,142857143	7	0	0	0	0
352	Буркин Бриллиантовыи? дождь.txt	50	0	0,095238095	0,095238095	7	0	0	0	0
353	Буркин Бриллиантовыи? дождь.txt	51	0	0,055555556	0,166666667	6	0	0	0	0
354	Буркин Бриллиантовыи? дождь.txt	52	0	0	0,142857143	7	0	0	0	0
355	Буркин Бриллиантовыи? дождь.txt	53	0	0	0,0625	8	0	0	0	0
356	Буркин Бриллиантовыи? дождь.txt	54	0	0	0,071428571	7	0	0	0	0
357	Буркин Бриллиантовыи? дождь.txt	55	0	0	0,142857143	7	0	0	0	0
358	Буркин Бриллиантовыи? дождь.txt	56	0	0	0,142857143	7	0	0	0	0
359	Буркин Бриллиантовыи? дождь.txt	57	0	0	0,181818182	3,666666667	0	0	0	0
360	Буркин Бриллиантовыи? дождь.txt	58	0,5	0	0	7	0	0	0	0
361	Буркин Бриллиантовыи? дождь.txt	59	0	0	0,090909091	5,5	0	0	0	0
362	Буркин Бриллиантовыи? дождь.txt	60	0	0	0,235294118	4,25	0	0	0	0
363	Буркин Бриллиантовыи? дождь.txt	61	0	0	0,142857143	7	0	0	0	0
364	Буркин Бриллиантовыи? дождь.txt	62	0	0	0,142857143	7	0	0	0	0
365	Буркин Бриллиантовыи? дождь.txt	63	0	0	0,083333333	6	0	0	0	0
366	Буркин Бриллиантовыи? дождь.txt	64	0	0	0,142857143	7	0	0	0	0
367	Буркин Бриллиантовыи? дождь.txt	65	0	0	0,142857143	7	0	0	0	0
368	Буркин Бриллиантовыи? дождь.txt	66	0	0	0,142857143	7	0	0	0	0
369	Буркин Бриллиантовыи? дождь.txt	67	0	0	0,166666667	6	0	0	0	0
370	Буркин Бриллиантовыи? дождь.txt	68	0	0	0,083333333	6	0	0	0	0
371	Буркин Бриллиантовыи? дождь.txt	69	0	0	0,090909091	5,5	0	0	0	0
372	Буркин Бриллиантовыи? дождь.txt	70	0	0	0,142857143	7	0	0	0	0
373	Буркин Бриллиантовыи? дождь.txt	71	0	0	0,181818182	3,666666667	0	0	0	0
374	Буркин Бриллиантовыи? дождь.txt	72	0	0	0,166666667	4	0	0	0	0
375	Буркин Бриллиантовыи? дождь.txt	73	0	0,058823529	0,117647059	5,666666667	0	0	0	0
376	Буркин Бриллиантовыи? дождь.txt	74	0	0	0,166666667	4	0	0	0	0
377	Буркин Бриллиантовыи? дождь.txt	75	0	0	0,153846154	4,333333333	0	0	0	0
378	Буркин Бриллиантовыи? дождь.txt	76	0	0	0,230769231	4,333333333	0	0	0	0
379	Буркин Бриллиантовыи? дождь.txt	77	0	0	0,217391304	5,75	0	0,043478261	0	0
380	Буркин Бриллиантовыи? дождь.txt	78	0	0	0,28	5	0	0	0	0
381	Буркин Бриллиантовыи? дождь.txt	79	0	0,08	0,2	5	0	0	0	0
382	Буркин Бриллиантовыи? дождь.txt	80	0	0,043478261	0,217391304	4,6	0	0	0	0
383	Буркин Бриллиантовыи? дождь.txt	81	0	0	0,153846154	4,333333333	0	0	0	0
384	Буркин Бриллиантовыи? дождь.txt	82	0	0	0,083333333	6	0	0	0	0
385	Буркин Бриллиантовыи? дождь.txt	83	0	0,076923077	0,076923077	6,5	0	0	0	0
386	Буркин Бриллиантовыи? дождь.txt	84	0	0	0,181818182	3,666666667	0	0	0	0
387	Буркин Бриллиантовыи? дождь.txt	85	0	0	0,076923077	6,5	0	0	0	0
388	Буркин Бриллиантовыи? дождь.txt	86	0	0	0,083333333	6	0	0	0	0
389	Буркин Бриллиантовыи? дождь.txt	87	0	0	0,136363636	5,5	0	0	0	0
390	Буркин Бриллиантовыи? дождь.txt	88	0	0	0,083333333	6	0	0	0	0
391	Буркин Бриллиантовыи? дождь.txt	89	0	0	0,083333333	6	0	0	0	0
392	Лукьяненко и Буркин Остров Русь.txt	1	0	0	0,071428571	18,66666667	0	0	0	0
393	Лукьяненко и Буркин Остров Русь.txt	2	0,428571429	0	0,072916667	10,66666667	0,03125	0	0	0
394	Лукьяненко и Буркин Остров Русь.txt	3	0,573248408	0,010017271	0,100863558	8,907692308	0,005872193	0,00656304	0,033333333	0,008981002
395	Лукьяненко и Буркин Остров Русь.txt	4	0,692307692	0,016280016	0,066341066	9,033088235	0,004884005	0,013838014	0,022222222	0,008954009
396	Лукьяненко и Буркин Остров Русь.txt	5	0,628865979	0,013274336	0,069321534	10,87700535	0,004916421	0,013765978	0	0,013274336
397	Лукьяненко и Буркин Остров Русь.txt	6	0,75	0,020725389	0,036593264	9,961290323	0,004533679	0,015544041	0,028571429	0,012305699
398	Лукьяненко и Буркин Остров Русь.txt	7	0,6	0,016806723	0,063492063	13,73076923	0,006535948	0,014939309	0	0,012138189
399	Лукьяненко и Буркин Остров Русь.txt	8	0	0	0,3	5	0	0	0	0
400	Лукьяненко Лабиринт отражении?.txt	1	0	0	0,333333333	3,75	0	0	0	0
401	Лукьяненко Лабиринт отражении?.txt	2	0	0,014925373	0,231343284	7,444444444	0	0,007462687	0	0,014925373
402	Лукьяненко Лабиринт отражении?.txt	3	0,485	0,02907058	0,127044025	8,271676301	0,006429071	0,005590496	0,010309278	0,007686932
403	Лукьяненко Лабиринт отражении?.txt	4	0	0	0,185542169	12,20588235	0,003614458	0,009638554	0	0,025301205
404	Лукьяненко Лабиринт отражении?.txt	5	0,549618321	0,025764439	0,119762174	7,563169165	0,00594564	0,006511891	0,034722222	0,009060023
405	Лукьяненко Лабиринт отражении?.txt	6	0,43220339	0,023483366	0,113502935	8,476303318	0,005591278	0,005591278	0,058823529	0,005591278
406	Лукьяненко Лабиринт отражении?.txt	7	0,222222222	0,031062124	0,175350701	10,50526316	0,006012024	0,006012024	0,1	0,007014028
407	Лукьяненко Лабиринт отражении?.txt	8	0,74796748	0,027348395	0,054102259	7,610859729	0,011890606	0,003567182	0,043478261	0,008917955
408	Лукьяненко Лабиринт отражении?.txt	9	0,492307692	0,028144239	0,135444151	8,54887218	0,01055409	0,004397537	0	0,004397537
409	Лукьяненко Лабиринт отражении?.txt	10	0	0,008810573	0,201174743	11,35	0,005873715	0,004405286	0	0,002936858
410	Лукьяненко Лабиринт отражении?.txt	11	0,49382716	0,025041736	0,11769616	6,845714286	0,006677796	0,004173623	0	0,013355593
411	Лукьяненко Лабиринт отражении?.txt	12	0,662337662	0,010028653	0,083810888	7,842696629	0,010744986	0,011461318	0,098039216	0,013610315
412	Лукьяненко Лабиринт отражении?.txt	13	0,56097561	0,014376997	0,137380192	7,452380952	0,00798722	0,004792332	0,086956522	0,003194888
413	Лукьяненко Лабиринт отражении?.txt	14	0	0,007407407	0,17037037	11,25	0	0	0	0,014814815
414	Лукьяненко Лабиринт отражении?.txt	15	0	0	0,278481013	8,777777778	0,025316456	0	0	0
415	Буркин Цветы на нашем пепле.txt	1	0	0	0	4	0	0	0	0
416	Буркин Цветы на нашем пепле.txt	2	0,439393939	0,007090336	0,120273109	11,57446809	0,005777311	0,018907563	0,017241379	0,016544118
417	Буркин Цветы на нашем пепле.txt	3	0,37	0,005504587	0,141651376	11,03238866	0,005137615	0,024220183	0	0,033761468
418	Буркин Цветы на нашем пепле.txt	4	0,414814815	0,005671078	0,126969124	10,94482759	0,008191556	0,024889729	0,053571429	0,030245747
419	Буркин Цветы на нашем пепле.txt	5	0,432835821	0,014454165	0,113731457	10,03435115	0,004564473	0,024343857	0,017241379	0,03157094
420	Буркин Цветы на нашем пепле.txt	6	0,114285714	0,001053741	0,187565859	12,32467532	0,007376185	0,025289779	0	0,017913593
421	Буркин Цветы на нашем пепле.txt	7	0	0	0,3	5	0	0	0	0
